k1=2;
k2=2;
k3=2;
k4=2;

m1=2;
m2=3;
m3=4;
m4=7;
